1.5126928
2.1544967
1.3200585
4.748529
2.1635003
3.869905
3.770669
1.1624073
1.2860427
1.7844721
3.069835
3.5528834
3.1885498
4.0815487
2.8122218
2.943946
2.043019
2.1918528
2.2449675
1.98733
2.1656258
2.6483412
2.589534
2.2919235
9.214052
2.6441765
1.7893742
3.6029093
2.051067
1.7071898
0.8605311
0.7824212
3.2976441
1.4868379
3.5033617
2.902661
3.3011482
3.5712821
2.184681
1.7735971
3.862308
1.3917758
2.7033432
3.3162622
2.603302
3.6441913
2.515306
2.0243006
3.1607754
1.3570595
2.6084373
1.3341953
2.5931864
3.3946955
1.9472754
2.8027544
1.6396102
1.374987
3.5531633
1.4858469
2.01496
1.8409579
2.5936139
3.256638
1.9322557
3.199437
2.3198457
1.7276628
3.2814865
5.460567
5.6870165
3.2324045
8.602067
3.6420658
4.104568
4.439231
9.095259
4.1044707
7.7280025
3.321704
3.8834217
5.2278595
3.910321
3.598186
6.3162293
1.870508
2.7046373
1.2488369
4.504657
5.3277216
3.865695
3.9903321
2.7818394
3.4793746
5.112459
4.610725
4.8903885
1.0001111
2.699173
1.3946592
1.4636358
4.4012246
5.8683243
4.495389
3.6759439
1.4598652
3.4454668
2.357963
3.3952157
1.0753382
1.9991221
3.8458185
2.6207447
9.786668
2.535916
3.2666702
1.9366318
2.0605047
8.939679
2.8882306
0.75808424
3.3565474
1.5811207
9.424934
2.3361664
3.91325
1.1718168
2.909043
4.7349133
1.3465902
2.9953656
3.5856857
3.9522638
5.370504
2.3575413
3.3610687
3.8495448
1.9251152
4.0168934
1.3573327
3.2801933
4.3986115
4.16583
5.047407
1.366292
3.1183867
1.344994
3.1012616
3.0414276
1.5334191
3.1696746
4.411821
3.1099987
2.6748202
2.6836994
2.827244
1.7155344
3.2469492
2.0261106
0.9616732
4.3019185
3.5925581
3.30588
3.6131382
3.1585639
1.4950007
3.110599
0.8176887
2.7808692
0.9851016
2.2116795
2.9788122
5.346695
1.8448192
2.6141694
2.2280679
1.8273518
1.1329664
2.2785068
2.9913137
4.166935
4.2381196
7.4347606
1.9347962
3.5410657
1.2197623
2.015216
1.8691117
2.0187254
4.716183
3.4604862
2.4965322
9.174176
3.5004349
2.289401
3.004914
2.2258832
9.342674
3.1242583
3.5878181
4.3272066
2.8518646
4.5640707
3.8584578
2.3130684
2.7594903
1.4212319
1.0851473
4.310624
1.7467643
4.4212346
3.078415
3.8772576
5.1358013
1.6083062
1.9678704
3.1865807
2.3792336
3.6018987
2.070266
1.7531728
3.9244921
3.0325847
5.1791515
3.8730054
5.719659
3.8223517
4.943991
0.6437408
2.2882538
4.545234
2.3943934
7.904664
4.349732
3.9964218
7.957143
2.7574968
3.8090298
2.567328
3.3862472
3.0761778
6.128882
4.4758353
3.44559
4.4213686
3.992301
5.0165143
5.8336945
5.284708
5.2780175
6.803911
2.4178715
5.4789686
2.692516
4.25124
3.8947241
0.6060615
4.7733493
2.6387887
3.288498
1.960933
3.278501
4.177163
2.5708168
2.4499362
3.1107655
6.028831
1.9613082
1.6968821
4.6997056
2.845523
3.5921934
4.3584766
2.1209943
3.516652
2.830799
3.4028642
2.3699536
1.4456332
4.176692
2.1130693
5.8927712
5.5937343
2.8531716
4.655351
2.287197
4.2883224
5.496992
1.1642025
4.9465714
1.9720912
4.758016
3.4701922
2.5973618
1.7636349
2.9381027
1.9892508
4.0999537
1.7428387
4.171772
2.0561438
4.5031056
5.2791686
2.1799877
3.2600229
2.8213284
1.2499803
3.3251936
1.8525378
3.554973
3.4598017
4.007375
1.7326825
2.791691
2.3062766
2.6835027
0.19733594
3.6934817
0.99864835
4.253229
1.851624
6.2998285
2.6423688
5.343818
2.6657314
2.2401876
2.1167018
1.5712007
2.26753
4.6118307
2.5198956
3.6196723
2.9204347
2.550357
3.274604
3.375133
3.3506863
3.042562
2.1263742
4.0174317
1.93839
5.930659
5.102876
2.5177538
3.6287253
2.010812
4.018536
4.706339
1.6807026
4.081149
1.3649722
3.149732
4.729491
3.1472073
1.5139332
2.228341
2.8380105
5.510105
2.317217
4.7592545
2.6883307
2.3501158
10.053299
3.018488
3.8360128
3.9154887
0.9352621
1.3795906
2.0252807
2.304917
4.8010693
2.939059
8.753175
5.089342
3.4929163
3.2687306
5.257624
4.3979354
4.1901145
0.96195966
2.0682712
2.3261433
1.3760271
4.9008174
2.2646487
3.1790636
1.8807474
1.5411824
5.1354456
4.067881
2.099224
6.5494857
2.617118
4.1589704
3.20916
2.483886
4.521557
1.1491426
1.4555972
2.4098718
1.6728873
1.0943536
2.040125
2.203536
5.293623
3.1071193
3.779716
3.8421142
1.5067645
2.364422
3.5889783
1.10327
3.630446
2.4252055
3.311388
3.8281386
2.774893
4.2202015
1.266308
2.1716847
5.6965103
3.203984
1.9325958
3.2046688
3.9324152
3.174124
3.6839683
3.2120225
3.0026598
2.7325625
4.5932407
5.375016
1.7516321
4.314569
1.5055964
4.27325
6.448926
4.057508
2.846172
1.9710926
1.6743089
5.865804
3.1888337
2.4494247
5.1805
3.3287065
4.374055
2.9084353
2.532655
4.8313475
1.6211549
3.857314
4.9462132
1.9866009
5.018686
1.879417
3.5231729
6.554767
3.4286747
2.6858814
3.035097
2.3752897
7.1034846
3.832309
2.2013981
4.1657057
1.9814752
5.0811024
3.6444728
3.6830678
2.2622743
1.9016865
2.455029
6.407688
2.9851055
2.9647222
2.8779876
2.5171428
6.0298767
4.7432227
3.5442677
3.2656438
2.2075512
1.6903242
3.0308104
2.3387966
3.8316596
2.3787825
4.0830355
3.4195104
3.6739893
3.020184
2.6496603
3.9235985
0.97511804
2.3044822
3.3592494
3.105767
2.1345923
7.0112996
2.260928
2.218633
1.9314756
1.6658949
1.9672639
1.1210208
1.8617069
2.1277077
4.481889
2.1871881
6.991992
0.600802
1.1351926
1.1008357
2.1250246
1.9101613
0.625061
3.7234733
2.533634
2.7415648
