FrameCount,Breath Period (sec),Walking Pace (Hz)
1,3.0,0.0
2,3.0,1.5
3,3.0,1.6666666
4,3.0,1.75
5,3.0,1.8
6,3.0,1.8333334
7,3.0,1.8571428
8,3.0,1.875
9,3.0,1.8888888
10,3.0,1.8
11,3.0,1.8181819
12,3.0,1.9166666
13,3.0,1.8461539
14,3.0,1.8571428
15,3.0,1.8666667
16,3.0,1.875
17,3.0,1.882353
18,3.0,1.8888888
19,3.0,1.8947369
20,3.0,1.95
21,3.0,1.9523809
22,3.0,1.9545455
23,3.0,1.9565217
24,3.0,1.9583334
25,3.0,1.96
26,3.0,1.9615384
27,3.0,1.962963
28,3.0,1.9642857
29,3.0,1.9655173
30,3.0,1.9666667
31,3.0,1.967742
32,3.0,1.96875
33,2.0,1.969697
34,2.0,1.9705882
35,2.0,1.9714285
36,2.0,1.9722222
37,2.0,1.972973
38,2.0,1.9736842
39,2.0,1.9743589
40,2.0,1.95
41,2.0,1.9756098
42,3.0,1.9761904
43,2.0,1.9767442
44,2.0,1.9772727
45,2.0,1.9777777
46,2.0,1.9782609
47,2.0,1.9787234
48,2.0,1.9791666
49,2.0,1.9795918
50,2.0,1.98
51,3.0,1.9803921
52,2.0,1.9807693
53,2.0,1.981132
54,2.0,1.9814814
55,2.0,1.9818182
56,2.0,1.9821428
57,2.0,1.9824561
58,2.0,1.9827586
59,2.0,1.9830508
60,2.0,2.0
61,2.0,2.0
62,2.0,2.0
63,2.0,2.0
64,2.0,2.0
65,2.0,2.0
66,2.0,2.0
67,2.0,2.0
68,2.0,2.0
69,2.0,2.0
70,2.0,2.0
71,2.0,2.0
72,3.0,2.0
73,2.0,2.0
74,2.0,2.0135136
75,2.0,2.0
76,2.0,2.0
77,2.0,2.012987
78,2.0,2.0128205
79,2.0,2.012658
80,2.0,2.0125
81,2.0,2.0123458
82,2.0,2.012195
83,2.0,2.0120482
84,2.0,2.0119047
85,2.0,2.0117648
86,2.0,2.011628
87,2.0,2.0114942
88,2.0,2.0113637
89,2.0,2.011236
90,2.0,2.011111
91,2.0,2.010989
92,2.0,2.0108695
93,3.0,2.0107527
94,2.0,2.0106382
95,2.0,2.0105264
96,2.0,2.0104167
97,2.0,2.0103092
98,2.0,2.0204082
99,2.0,2.010101
100,2.0,2.01
101,2.0,2.009901
102,2.0,2.009804
103,2.0,2.0097086
104,2.0,2.0192308
105,2.0,2.0190477
106,2.0,2.018868
107,2.0,2.0280373
108,2.0,2.0277777
109,2.0,2.027523
110,2.0,2.0272727
111,3.0,2.0270271
112,2.0,2.017857
113,2.0,2.0
114,2.0,1.9824561
115,2.0,1.9652174
116,2.0,1.9482758
117,2.0,1.9316239
118,2.0,1.9152542
119,2.0,1.8991597
120,2.0,1.8833333
121,2.0,1.8677686
122,2.0,1.8688525
123,2.0,1.8699187
124,2.0,1.8709677
125,2.0,1.872
126,2.0,1.8730159
127,2.0,1.8740157
128,2.0,1.8828125
129,2.0,1.8837209
130,2.0,1.8846154
131,2.0,1.8931298
132,5.0,1.8939394
133,2.0,1.8947369
134,2.0,1.8955224
135,2.0,1.8962963
136,3.0,1.8970588
137,2.0,1.8978102
138,2.0,1.8985507
139,2.0,1.8992805
140,2.0,1.9
141,2.0,1.9007093
142,2.0,1.8943661
143,2.0,1.8951049
144,2.0,1.8958334
145,2.0,1.8965517
146,2.0,1.8972603
147,2.0,1.8979592
148,2.0,1.8918918
149,3.0,1.8926175
150,2.0,1.8933333
151,2.0,1.8940398
152,2.0,1.8947369
153,2.0,1.8954248
154,2.0,1.8961039
155,2.0,1.8967742
156,2.0,1.8974359
157,3.0,1.8917197
158,2.0,1.892405
159,2.0,1.8930818
160,3.0,1.89375
161,2.0,1.8944099
162,2.0,1.8950617
163,4.0,1.8895706
164,2.0,1.8902439
165,2.0,1.8909091
166,3.0,1.8915663
167,3.0,1.8922156
168,4.0,1.8928572
169,2.0,1.8934911
170,2.0,1.8882353
171,2.0,1.8888888
172,3.0,1.8895348
173,3.0,1.8901734
174,3.0,1.8908046
175,2.0,1.8914286
176,2.0,1.8920455
177,2.0,1.8926554
178,2.0,1.8932585
179,2.0,1.8882681
180,2.0,1.8888888
181,2.0,1.8895028
182,3.0,1.8901099
183,2.0,1.8907104
184,2.0,1.8913044
185,2.0,1.8918918
186,2.0,1.8924731
187,2.0,1.8930482
188,2.0,1.893617
189,2.0,1.8941799
190,2.0,1.8947369
191,2.0,1.895288
192,2.0,1.8958334
193,2.0,1.896373
194,2.0,1.8969072
195,2.0,1.8974359
196,2.0,1.8979592
197,3.0,1.893401
198,2.0,1.8939394
199,2.0,1.8944724
200,2.0,1.895
201,2.0,1.8955224
202,2.0,1.8960396
203,2.0,1.8965517
204,2.0,1.8970588
205,2.0,1.897561
206,2.0,1.8980583
207,2.0,1.8985507
208,2.0,1.8990384
209,2.0,1.8995216
210,2.0,1.9
211,3.0,1.900474
212,2.0,1.9009434
213,2.0,1.9014084
214,2.0,1.9018692
215,3.0,1.9023256
216,3.0,1.9027778
217,3.0,1.9032258
218,3.0,1.9036697
219,3.0,1.9041096
220,6.0,1.9045454
221,6.0,1.9049773
222,6.0,1.9054054
223,5.0,1.9058295
224,5.0,1.90625
225,4.0,1.9066666
226,2.0,1.9070797
227,2.0,1.907489
228,3.0,1.9078947
229,2.0,1.908297
230,2.0,1.9086957
231,2.0,1.9090909
232,3.0,1.9094827
233,3.0,1.9098712
234,3.0,1.9102564
235,2.0,1.9148936
236,2.0,1.9152542
237,2.0,1.9156119
238,2.0,1.9159664
239,2.0,1.9163179
240,2.0,1.9166666
241,2.0,1.9170125
242,2.0,1.9173554
243,2.0,1.9176955
244,3.0,1.9180328
245,2.0,1.9183674
246,2.0,1.9186991
247,2.0,1.9190283
248,2.0,1.9193548
249,2.0,1.9196787
250,2.0,1.92
251,2.0,1.9203187
252,2.0,1.9206349
253,2.0,1.9209486
254,2.0,1.9212599
255,2.0,1.9254901
256,2.0,1.9257813
257,2.0,1.9260701
258,15.0,1.9224806
259,15.0,1.9266409
260,4.0,1.926923
261,2.0,1.927203
262,2.0,1.9274809
263,2.0,1.9277567
264,2.0,1.9280303
265,3.0,1.9283019
266,2.0,1.9285715
267,2.0,1.928839
268,2.0,1.9291044
269,2.0,1.929368
270,2.0,1.9296297
271,2.0,1.9298893
272,12.0,1.930147
273,12.0,1.9304029
274,3.0,1.9306569
275,2.0,1.930909
276,2.0,1.9311594
277,2.0,1.9277978
278,2.0,1.9316547
279,2.0,1.9318997
280,2.0,1.9321429
281,2.0,1.9323844
282,3.0,1.9326241
283,2.0,1.9328622
284,2.0,1.9330986
285,2.0,1.9333333
286,2.0,1.9335665
287,2.0,1.933798
288,3.0,1.9340278
289,2.0,1.9342561
290,2.0,1.9344828
291,2.0,1.9347079
292,2.0,1.9349315
293,2.0,1.9351536
294,2.0,1.9353741
295,2.0,1.9355932
296,2.0,1.9358108
297,5.0,1.9360269
298,2.0,1.9362416
299,2.0,1.9331104
300,4.0,1.9333333
301,4.0,1.9335548
302,3.0,1.9304636
303,2.0,1.9240924
304,2.0,1.9243422
305,2.0,1.9213115
306,2.0,1.9215686
307,2.0,1.9218241
308,3.0,1.9220779
309,2.0,1.9223301
310,2.0,1.9225806
311,2.0,1.9228296
312,2.0,1.9230769
313,3.0,1.9233227
314,3.0,1.9203821
315,3.0,1.9206349
316,3.0,1.920886
317,3.0,1.9148265
318,6.0,1.908805
319,2.0,1.9028213
320,2.0,1.896875
321,3.0,1.8909657
322,2.0,1.8850932
323,2.0,1.879257
324,2.0,1.8734568
325,3.0,1.8676924
326,2.0,1.8619632
327,2.0,1.8562691
328,2.0,1.8506098
329,2.0,1.8449848
330,3.0,1.8424243
331,2.0,1.836858
332,2.0,1.8343374
333,2.0,1.8348348
334,3.0,1.8353293
335,3.0,1.8328358
336,3.0,1.8333334
337,2.0,1.8338279
338,2.0,1.8343195
339,2.0,1.8348082
340,2.0,1.8352941
341,2.0,1.8328446
342,2.0,1.8362573
343,2.0,1.8367347
344,2.0,1.8372093
345,2.0,1.8376812
346,3.0,1.8352602
347,2.0,1.8328531
348,2.0,1.8333334
349,2.0,1.8338109
350,3.0,1.8371428
351,2.0,1.8347578
352,2.0,1.8352273
353,2.0,1.8356941
354,2.0,1.8361582
355,3.0,1.8366197
356,2.0,1.8370787
357,2.0,1.837535
358,2.0,1.8379889
359,2.0,1.8384401
360,2.0,1.8388889
361,2.0,1.8393352
362,2.0,1.839779
363,3.0,1.8402203
364,2.0,1.8406594
365,2.0,1.8410959
366,2.0,1.8415301
367,2.0,1.8419619
368,2.0,1.8451087
369,2.0,1.8455285
370,3.0,1.845946
371,2.0,1.8463612
372,2.0,1.8467742
373,3.0,1.847185
374,2.0,1.8475935
375,2.0,1.848
376,2.0,1.8484043
377,2.0,1.8488064
378,2.0,1.8492063
379,2.0,1.8496042
380,2.0,1.85
381,2.0,1.8503937
382,2.0,1.8507854
383,2.0,1.8537859
384,2.0,1.8541666
385,2.0,1.8545455
386,3.0,1.8549223
387,2.0,1.8552972
388,2.0,1.8556701
389,2.0,1.8560411
390,2.0,1.8564103
391,2.0,1.8567775
392,2.0,1.8571428
393,2.0,1.8575064
394,2.0,1.8578681
395,2.0,1.8582278
396,2.0,1.8585858
397,2.0,1.858942
398,2.0,1.8592964
399,2.0,1.8596492
400,11.0,1.8625
401,2.0,1.8628429
402,2.0,1.8631841
403,2.0,1.8635236
404,2.0,1.8638614
405,2.0,1.8641975
406,2.0,1.864532
407,2.0,1.8648648
408,3.0,1.8651961
409,3.0,1.8655257
410,3.0,1.8658537
411,3.0,1.8661801
412,7.0,1.8665049
413,7.0,1.8668281
414,7.0,1.8671497
415,6.0,1.8674699
416,2.0,1.8677884
417,2.0,1.8681055
418,2.0,1.8684211
419,2.0,1.8687351
420,3.0,1.8714286
421,3.0,1.871734
422,4.0,1.8720379
423,2.0,1.8723404
424,2.0,1.8726416
425,3.0,1.8729411
426,3.0,1.8732394
427,3.0,1.8735363
428,2.0,1.8738317
429,2.0,1.8741258
430,2.0,1.8767442
431,5.0,1.8770301
432,2.0,1.8773148
433,2.0,1.8775982
434,3.0,1.8778802
435,3.0,1.878161
436,3.0,1.8784404
437,3.0,1.8787185
438,3.0,1.8789954
439,3.0,1.879271
440,12.0,1.8795455
441,2.0,1.8798186
442,2.0,1.882353
443,2.0,1.8826185
444,3.0,1.8828828
445,2.0,1.883146
446,2.0,1.8834081
447,2.0,1.8836689
448,2.0,1.8839285
449,2.0,1.8841871
450,2.0,1.8844445
451,3.0,1.8847007
452,2.0,1.8849558
453,2.0,1.8852097
454,2.0,1.8876652
455,4.0,1.887912
456,4.0,1.8881578
457,3.0,1.8884026
458,2.0,1.8886462
459,2.0,1.8888888
460,3.0,1.8891305
461,3.0,1.8893709
462,4.0,1.8896104
463,4.0,1.8898488
464,4.0,1.8900862
465,5.0,1.8903226
466,2.0,1.8905579
467,2.0,1.8907923
468,4.0,1.8931624
469,4.0,1.8933902
470,3.0,1.893617
471,2.0,1.8938429
472,2.0,1.8940678
473,3.0,1.8942918
474,2.0,1.8945148
475,2.0,1.8947369
476,2.0,1.894958
477,2.0,1.8951782
478,2.0,1.8974895
479,2.0,1.8977035
480,2.0,1.8979167
481,3.0,1.8981289
482,3.0,1.8983402
483,3.0,1.8985507
484,3.0,1.8987603
485,8.0,1.898969
486,2.0,1.899177
487,2.0,1.899384
488,3.0,1.8995901
489,2.0,1.8997955
490,2.0,1.9
491,3.0,1.9002037
492,2.0,1.902439
493,2.0,1.9026369
494,2.0,1.902834
495,2.0,1.9030303
496,2.0,1.9032258
497,2.0,1.8993964
498,2.0,1.8955823
499,2.0,1.8917836
500,2.0,1.888
501,2.0,1.8842316
502,2.0,1.8804781
503,2.0,1.8767396
504,2.0,1.8730159
505,3.0,1.8693069
506,2.0,1.8656126
507,2.0,1.8639053
508,2.0,1.8622047
509,2.0,1.8624754
510,2.0,1.862745
511,2.0,1.8630137
512,2.0,1.8632813
513,2.0,1.8654971
514,2.0,1.8657588
515,2.0,1.8660194
516,2.0,1.8643411
517,2.0,1.8646035
518,3.0,1.8648648
519,2.0,1.8651253
520,2.0,1.8615384
521,2.0,1.8579655
522,2.0,1.8582375
523,3.0,1.8585086
524,2.0,1.8587786
525,2.0,1.8590477
526,2.0,1.8593156
527,2.0,1.8595825
528,3.0,1.8617424
529,2.0,1.8620038
530,2.0,1.8622642
531,2.0,1.8625236
532,2.0,1.862782
533,2.0,1.8630394
534,2.0,1.8632959
535,2.0,1.8635514
536,3.0,1.863806
537,2.0,1.8640596
538,2.0,1.8643123
539,2.0,1.8645641
540,2.0,1.8648148
541,2.0,1.8650647
542,2.0,1.8653136
543,2.0,1.8674033
544,2.0,1.867647
545,2.0,1.8678899
546,2.0,1.8681319
547,2.0,1.8683729
548,2.0,1.8686131
549,2.0,1.8688525
550,3.0,1.8690909
551,2.0,1.8693285
552,2.0,1.8695652
553,2.0,1.869801
554,2.0,1.8700361
555,3.0,1.8702703
556,3.0,1.8705035
557,4.0,1.8707361
558,2.0,1.8727598
559,2.0,1.8729875
560,3.0,1.8732142
561,2.0,1.8734403
562,2.0,1.8736655
563,2.0,1.8738899
564,2.0,1.8741134
565,2.0,1.8743362
566,2.0,1.8745583
567,2.0,1.8747796
568,2.0,1.8767606
569,3.0,1.8769772
570,2.0,1.877193
571,2.0,1.877408
572,2.0,1.8776224
573,2.0,1.877836
574,2.0,1.8780488
575,2.0,1.8782609
576,2.0,1.8784722
577,2.0,1.8786829
578,2.0,1.8788928
579,2.0,1.8791019
580,2.0,1.8810345
581,3.0,1.8812393
582,2.0,1.8814433
583,2.0,1.8816466
584,2.0,1.8818493
585,2.0,1.8820512
586,2.0,1.8822526
587,2.0,1.8824532
588,8.0,1.8826531
589,2.0,1.8828523
590,2.0,1.8830508
591,2.0,1.8832487
592,3.0,1.883446
593,2.0,1.8836426
594,2.0,1.8855219
595,2.0,1.8840336
596,2.0,1.885906
597,3.0,1.8860972
598,3.0,1.8862876
599,4.0,1.8864775
600,4.0,1.8866667
601,3.0,1.8868552
602,3.0,1.8870432
603,3.0,1.8872305
604,3.0,1.8874172
605,3.0,1.8876033
606,3.0,1.8877888
607,3.0,1.8879737
608,3.0,1.8881578
609,16.0,1.8883415
610,2.0,1.8885245
611,2.0,1.888707
612,2.0,1.8888888
613,2.0,1.8890702
614,3.0,1.8892508
615,3.0,1.8894309
616,4.0,1.8896104
617,2.0,1.8897893
618,2.0,1.8899677
619,2.0,1.8901454
620,2.0,1.8887097
621,2.0,1.8888888
622,3.0,1.8874598
623,2.0,1.8876405
624,2.0,1.8846154
625,4.0,1.8816
626,2.0,1.8785943
627,2.0,1.8755981
628,3.0,1.8726115
629,2.0,1.8696344
630,2.0,1.8666667
631,2.0,1.8637084
632,2.0,1.8607595
633,2.0,1.8578199
634,2.0,1.8548896
635,3.0,1.8519685
636,2.0,1.8490566
637,2.0,1.8461539
638,4.0,1.8432602
639,4.0,1.8419405
640,4.0,1.8390625
641,4.0,1.8361934
642,7.0,1.8333334
643,7.0,1.8304821
644,7.0,1.8276397
645,7.0,1.8248062
646,7.0,1.8219814
647,7.0,1.8191653
648,7.0,1.816358
649,7.0,1.8135593
650,7.0,1.8107692
651,7.0,1.8079877
652,19.0,1.8052148
653,19.0,1.8024502
654,3.0,1.7996942
655,3.0,1.7969465
656,3.0,1.7942073
657,3.0,1.7914764
658,3.0,1.7887537
659,3.0,1.7860395
660,3.0,1.7833333
661,3.0,1.7836611
662,3.0,1.7839879
663,18.0,1.7828054
664,18.0,1.7831326
665,18.0,1.7834586
666,18.0,1.7822822
667,8.0,1.7826087
668,8.0,1.7829342
669,3.0,1.7832586
670,3.0,1.7835821
671,3.0,1.7839047
672,3.0,1.7842262
673,8.0,1.7860327
674,2.0,1.7863501
675,2.0,1.7851852
